CPU model name	: Intel(R) Xeon(R) CPU           E5345  @ 2.33GHz
Thread libs: NPTL 2.5
8 of 8 cores online
Additition threads: 50
Big number: 11! = 0x2611500
Thrds:	1	2	3	4	5	6	7	8	9	10	11	12	13	14	15	16	17	18	19	20	21	22	23	24	25	26	27	28	29	30	31	32	33	34	35	36	37	38	39	40	41	42	43	44	45	46	47	48	49	50	51	52	53	54	55	56	57	58	
pure increment test 
*	103 	103 	103 	103 	104 	103 	103 	103 	104 	103 	103 	103 	103 	104 	103 	103 	103 	104 	103 	103 	103 	104 	103 	103 	103 	104 	103 	103 	103 	104 	103 	103 	104 	103 	103 	104 	103 	103 	103 	104 	103 	104 	103 	103 	103 	104 	103 	103 	104 	103 	104 	103 	103 	103 	104 	103 	104 	103 	
mutexed test 
*	1810 	15038 	20191 	19441 	14665 	13355 	12121 	9469 	8720 	9124 	8972 	8727 	10397 	8899 	9139 	8598 	7968 	7745 	10511 	10269 	9828 	8463 	8694 	8039 	7970 	9248 	9316 	9315 	9082 	8308 	8368 	7978 	8236 	8733 	9078 	9122 	9014 	8381 	8122 	7846 	8122 	9120 	8173 	8628 	8502 	8543 	8222 	8163 	8183 	8155 	8408 	8420 	8382 	8056 	8241 	8279 	8201 	8115 	
lock increment test 
*	463 	1680 	1182 	983 	1112 	1154 	1103 	1129 	1112 	1119 	1060 	1157 	1077 	1086 	1112 	1117 	1158 	1130 	1088 	1183 	1060 	1152 	1131 	1148 	1123 	1097 	1129 	1176 	1156 	1142 	1136 	1152 	1145 	1117 	1112 	1153 	1127 	1130 	1138 	1148 	1140 	1114 	1131 	1141 	1156 	1148 	1165 	1133 	1137 	1138 	1130 	1160 	1124 	1144 	1131 	1131 	1144 	1156 	
lock compare&swap test 
*	726 	3411 	3221 	4410 	4718 	11343 	11149 	16370 	13413 	14163 	12473 	11667 	12032 	14770 	14367 	16117 	14922 	14528 	13147 	14022 	13757 	15640 	15202 	15819 	13733 	14771 	14970 	14706 	14249 	15831 	14573 	14373 	14417 	15724 	14872 	13160 	13741 	14195 	15044 	15236 	14897 	15685 	15275 	14185 	14890 	15996 	15750 	16419 	16070 	15944 	15499 	15411 	15371 	16073 	15872 	8936 	15118 	15861 	
spinlock test 
*	841 	12784 	10330 	26599 	21592 	38559 	33483 	49403 	48669 	65204 	65297 	64024 	62340 	86332 	87102 	93817 	96405 	106264 	98949 	109558 	110752 	117295 130747 	139229 
