CPU model name	: Dual-Core AMD Opteron(tm) Processor 2220
Thread libs: NPTL 2.12
4 of 4 cores online
Additition threads: 30
Big number: 11! = 0x2611500
Thrds:	1	2	3	4	5	6	7	8	9	10	11	12	13	14	15	16	17	18	19	20	21	22	23	24	25	26	27	28	29	30	31	32	33	34	
pure increment test 
*	169 	80 	61 	60 	61 	62 	61 	62 	61 	62 	61 	62 	61 	62 	61 	62 	62 	62 	62 	62 	62 	62 	62 	62 	62 	63 	62 	61 	63 	63 	63 	63 	61 	63 	
mutexed test 
*	838 	3500 	5853 	6030 	5488 	6194 	6584 	6177 	6123 	6585 	6340 	6506 	6578 	6226 	6126 	6708 	6185 	6053 	6133 	7122 	6575 	6628 	6191 	6591 	6911 	6357 	6222 	6972 	6615 	5851 	6085 	6758 	6715 	6598 	
lock increment test 
*	244 	564 	599 	975 	932 	800 	765 	937 	935 	911 	888 	1079 	990 	915 	916 	1023 	983 	958 	918 	1023 	978 	948 	912 	997 	978 	946 	928 	991 	977 	940 	940 	995 	974 	945 	
lock compare&swap test 
*	370 	1504 	1477 	4054 	3678 	3166 	3085 	4121 	3838 	3489 	3400 	4055 	3956 	3726 	3551 	3950 	3920 	3718 	3734 	3994 	3934 	3771 	3626 	4011 	3937 	3824 	3747 	4075 	3981 	3919 	3777 	4009 	3993 	3842 	
spinlock test 
*	416 	3440 	5198 	10784 	9059 	14755 	14028 	21822 	20084 	25253 	23258 	31896 	28935 	36996 	34426 	41030 	40243 	45766 	45880 	51537 	50375 	56984 	56122 	60430 	56866 	67413 	65677 	71490 	70322 	77929 	75476 	81651 	76958 	87122 	
Done. 5 tests at all.
