CPU model name	: AMD Opteron(tm) Processor 6136
Thread libs: NPTL 2.12
32 of 32 cores online
Additition threads: 30
Big number: 11! = 0x2611500
Thrds:	1	2	3	4	5	6	7	8	9	10	11	12	13	14	15	16	17	18	19	20	21	22	23	24	25	26	27	28	29	30	31	32	33	34	35	36	37	38	39	40	41	42	43	44	45	46	47	48	49	50	51	52	53	54	55	56	57	58	59	60	61	62	
pure increment test 
*	116 	109 	109 	109 	110 	109 	109 	110 	109 	109 	109 	109 	109 	110 	109 	109 	110 	110 	109 	109 	109 	109 	110 	110 	109 	110 	109 	109 	110 	110 	109 	110 	109 	110 	110 	111 	109 	110 	109 	110 	110 	110 	109 	110 	110 	109 	110 	110 	110 	109 	110 	110 	109 	111 	110 	109 	110 	110 	110 	111 	110 	110 	
mutexed test 
*	906 	4472 	4270 	6073 	5359 	4470 	3873 	3559 	3316 	3061 	2943 	2826 	2745 	2674 	2534 	2503 	2497 	2489 	2409 	2408 	2386 	2367 	2374 	2364 	2356 	2350 	2348 	2338 	2340 	2319 	2331 	2314 	2297 	2466 	2512 	2738 	2585 	2605 	2585 	2597 	2577 	2520 	2519 	2519 	2479 	2482 	2479 	2458 	2451 	2460 	2434 	2435 	2437 	2420 	2440 	2430 	2416 	2417 	2425 	2421 	2428 	2423 	
lock increment test 
*	340 	561 	558 	558 	600 	809 	741 	743 	731 	720 	705 	691 	700 	696 	696 	697 	686 	685 	681 	676 	675 	680 	682 	679 	676 	673 	673 	669 	670 	672 	671 	671 	675 	682 	678 	680 	670 	709 	691 	689 	687 	676 	674 	670 	671 	677 	673 	681 	677 	672 	669 	672 	679 	679 	675 	677 	678 	672 	677 	669 	671 	668 	
lock compare&swap test 
*	427 	1195 	1381 	1444 	1520 	2248 	2957 	3591 	3328 	3107 	2929 	2755 	2653 	2574 	2501 	2430 	2359 	2291 	2223 	2161 	2139 	2104 	2080 	2054 	2014 	1992 	1963 	1931 	1918 	1899 	1881 	1839 	1834 	1836 	1826 	1817 	1790 	1862 	2037 	2159 	2142 	2116 	2105 	2112 	2099 	2078 	2062 	2052 	2011 	2001 	1984 	1954 	1945 	1932 	1920 	1912 	1929 	1916 	1904 	1894 	1885 	1870 	
spinlock test 
*	452 	2068 	2613 	3030 	4792 	6495 	8130 	9782 	12743 	9558 	10472 	11635 	12289 	12493 	13011 	13504 	12266 	12148 	12510 	13136 	13815 	14310 	15261 	15733 	16476 	16911 	17501 	17873 	18017 	18250 	18966 	19431 	21712 	23418 	28508 	25523 	30738 	34227 	39324 	44620 	44685 	45189 	44728 	44507 	46098 	51751 	51761 	53763 	52433 	55251 	51587 	54313 	55422 	51545 	59588 	59272 	59865 	56705 	55366 	55910 	58173 	56973 	
Done. 5 tests at all.
