CPU model name	: Quad-Core AMD Opteron(tm) Processor 8354
Thread libs: NPTL 2.12
16 of 16 cores online
Additition threads: 30
Big number: 11! = 0x2611500
Thrds:	1	2	3	4	5	6	7	8	9	10	11	12	13	14	15	16	17	18	19	20	21	22	23	24	25	26	27	28	29	30	31	32	33	34	35	36	37	38	39	40	41	42	43	44	45	46	
pure increment test 
*	128 	119 	119 	118 	119 	119 	120 	120 	119 	120 	119 	119 	119 	119 	119 	119 	119 	120 	118 	119 	119 	119 	120 	119 	118 	120 	119 	119 	119 	119 	119 	119 	119 	119 	119 	119 	119 	119 	119 	119 	119 	120 	119 	119 	119 	120 	
mutexed test 
*	1001 	3522 	6118 	5475 	12509 	7337 	4550 	4439 	4222 	4042 	3901 	3730 	3535 	3391 	3289 	3161 	3088 	3193 	3588 	3609 	3734 	3563 	3512 	3475 	3426 	3410 	3346 	3326 	3225 	3210 	3168 	3109 	3087 	3109 	3291 	3276 	3413 	3350 	3332 	3317 	3307 	3289 	3286 	3243 	3174 	3153 	
lock increment test 
*	372 	888 	901 	882 	884 	856 	832 	838 	865 	1320 	1469 	1664 	1620 	1577 	1538 	1512 	1486 	1456 	1418 	1395 	1371 	1341 	1309 	1287 	1240 	1430 	1521 	1566 	1565 	1553 	1540 	1510 	1487 	1482 	1466 	1453 	1424 	1426 	1404 	1376 	1348 	1475 	1522 	1557 	1554 	1555 	
lock compare&swap test 
*	453 	2306 	2609 	2611 	2457 	2331 	2211 	2149 	2214 	3755 	8791 	13529 	13027 	12314 	11713 	11268 	11054 	10876 	10375 	9986 	9591 	9255 	8905 	8685 	8237 	8526 	10322 	12223 	11987 	11749 	11464 	11240 	11116 	11011 	10792 	10531 	10298 	10132 	9872 	9647 	9427 	9531 	10614 	11846 	11712 	11572 	
spinlock test 
*	501 	1749 	1826 	3508 	2892 	4847 	2852 	5692 	11435 	14623 	20116 	24512 	26434 	27522 	28790 	29899 	33373 	33513 	33871 	33020 	33121 	31733 	31067 	31139 	36639 	43813 	49786 	55302 	57160 	60071 	57378 	60472 	63584 	60742 	58912 	59009 	59635 	59827 	58661 	56155 	65898 	70375 	78172 	86206 	85666 	88883 	
Done. 5 tests at all.
