CPU Thread libs: NPTL 2.13
2 of 2 cores online
Additition threads: 50
Big number: 11! = 0x2611500
Thrds:	1	2	3	4	5	6	7	8	9	10	11	12	13	14	15	16	17	18	19	20	21	22	23	24	25	26	27	28	29	30	31	32	33	34	35	36	37	38	39	40	41	42	43	44	45	46	47	48	49	50	51	52	
pure increment test 
*	682 	229 	229 	230 	230 	228 	225 	227 	226 	228 	230 	230 	229 	227 	226 	229 	231 	229 	227 	230 	232 	229 	231 	231 	229 	230 	230 	229 	228 	230 	230 	226 	229 	232 	229 	225 	229 	230 	230 	228 	230 	233 	230 	230 	227 	230 	231 	228 	229 	232 	229 	227 	
mutexed test 
*	6383 	12899 	11279 	13508 	12471 	13534 	12537 	13656 	13035 	13479 	13179 	13574 	12897 	13360 	13084 	13603 	13151 	13395 	13051 	13597 	13221 	13535 	13385 	13558 	13174 	13578 	12611 	13641 	13066 	13639 	12740 	13594 	13401 	13605 	13269 	13808 	13442 	13565 	13545 	13482 	13542 	13627 	13582 	13691 	13190 	13652 	13439 	13400 	13792 	13580 	13458 	13680 	
lock increment test 
*	2123 	2209 	1857 	1730 	2195 	1720 	1816 	1720 	2204 	1721 	2206 	1732 	1875 	1858 	1751 	1833 	1796 	2214 	1742 	2212 	1741 	1943 	1741 	1732 	1746 	1952 	1767 	1727 	1921 	1723 	1739 	1725 	1734 	1727 	1813 	1769 	1735 	1742 	1734 	1726 	1738 	1751 	1743 	1736 	1755 	1741 	1731 	1814 	1736 	1724 	1736 	1725 	
lock compare&swap test 
*	2285 	3112 	2690 	2882 	2655 	2801 	2712 	2808 	2772 	2790 	2761 	2882 	3002 	2954 	2809 	2967 	3225 	2989 	2875 	2771 	2949 	2932 	2820 	2804 	2795 	2922 	2805 	2757 	2759 	2910 	2814 	3003 	2816 	2766 	2817 	2784 	2776 	2933 	3073 	2817 	2790 	2980 	2762 	2812 	2902 	2847 	2814 	2811 	2858 	2819 	2793 	2900 	
spinlock test 
*	4051 	4934 	7463 	8515 	10224 	15832 	13612 	14965 	17495 	19726 	23034 	22190 	27748 	28579 	26648 	30139 	33152 	31857 	35339 	33781 	38146 	40002 	40881 	45701 	41952 	48807 	45150 	45936 	52265 	52318 	54937 	54637 	55910 	56673 	57842 	59758 	61094 	63776 	66226 	68024 	64848 	68742 	68445 	69951 	73593 	75142 	81442 	81122 	74544 	82845 	77300 	82833 	
Done. 5 tests at all.
