CPU model name	: Intel(R) Core(TM)2 Quad CPU    Q6600  @ 2.40GHz
Thread libs: NPTL 2.13
4 of 4 cores online
Additition threads: 100
Big number: 11! = 0x2611500
Thrds:	1	2	3	4	5	6	7	8	9	10	11	12	13	14	15	16	17	18	19	20	21	22	23	24	25	26	27	28	29	30	31	32	33	34	35	36	37	38	39	40	41	42	43	44	45	46	47	48	49	50	51	52	53	54	55	56	57	58	59	60	61	62	63	64	65	66	67	68	69	70	71	72	73	74	75	76	77	78	79	80	81	82	83	84	85	86	87	88	89	90	91	92	93	94	95	96	97	98	99	100	101	102	103	104	
pure increment test 
*	100 	100 	101 	100 	105 	100 	102 	100 	101 	100 	100 	103 	112 	107 	101 	100 	104 	101 	103 	101 	104 	100 	101 	102 	104 	101 	101 	102 	104 	101 	103 	101 	102 	101 	102 	101 	102 	102 	102 	101 	101 	101 	102 	101 	102 	103 	101 	101 	101 	101 	102 	101 	102 	101 	102 	102 	103 	102 	100 	103 	102 	100 	102 	101 	101 	102 	100 	101 	102 	100 	106 	100 	102 	101 	102 	101 	101 	100 	101 	102 	100 	102 	101 	101 	101 	104 	101 	100 	103 	101 	101 	101 	101 	100 	102 	101 	101 	101 	102 	101 	101 	100 	101 	101 	
mutexed test 
*	1881 	3525 	9657 	11717 	10774 	10338 	12327 	13687 	16374 	15561 	17231 	17847 	16507 	16224 	17459 	17891 	17310 	16793 	17685 	17843 	17333 	16702 	17726 	18000 	17382 	17172 	17356 	17528 	17581 	17279 	17929 	18061 	17521 	17495 	17878 	18134 	17694 	17332 	17937 	17785 	17746 	17706 	17929 	17768 	17653 	17732 	17717 	17975 	17805 	17793 	18054 	17967 	17838 	17848 	18043 	18114 	17283 	17806 	18059 	18075 	17930 	17902 	17901 	17740 	17923 	17908 	18000 	17977 	17556 	17865 	17666 	17717 	17749 	17995 	17886 	17986 	17852 	17982 	18117 	18051 	17365 	17986 	18174 	17462 	17807 	17896 	17900 	17645 	17750 	18019 	18060 	18013 	18165 	17995 	17953 	18132 	17901 	17968 	17933 	18039 	17966 	17487 	17906 	17371 	
lock increment test 
*	504 	1065 	1338 	2005 	1863 	1893 	1920 	2201 	2072 	2061 	1991 	2115 	2041 	2121 	2201 	2231 	2164 	2141 	2203 	2198 	2175 	2176 	2240 	2204 	2181 	2178 	1769 	1558 	1528 	1509 	1545 	1529 	1498 	1530 	1551 	1546 	1489 	1533 	1553 	1547 	1416 	1518 	1550 	1550 	1537 	1518 	1561 	1540 	1525 	1534 	1556 	1545 	1506 	1519 	1553 	1548 	1510 	1522 	1556 	1549 	1504 	1510 	1560 	1521 	1508 	1516 	1515 	2066 	2169 	2192 	2171 	2202 	2159 	2037 	2188 	2172 	2162 	2220 	2223 	2158 	2194 	2190 	2175 	2141 	2206 	2217 	2221 	2223 	2171 	2194 	2182 	2183 	2224 	2208 	2211 	2191 	2087 	2183 	2202 	2185 	2158 	2189 	2253 	2209 	
lock compare&swap test 
*	898 	2428 	7703 	14861 	11562 	10927 	11429 	14075 	13322 	11932 	9220 	8816 	8257 	7818 	8633 	8713 	8302 	11860 	14295 	14381 	13550 	13616 	14349 	14166 	13297 	13498 	13857 	14392 	13631 	14279 	10662 	8889 	8612 	8348 	8804 	8831 	8519 	11685 	14287 	13747 	13527 	14364 	14785 	14038 	14470 	13879 	13926 	14572 	14147 	14687 	9378 	8963 	9108 	8902 	8840 	9179 	10189 	14249 	14664 	14157 	14649 	14376 	13819 	14263 	13892 	13881 	14236 	14733 	13479 	9167 	8657 	9011 	8731 	8619 	8916 	9307 	14071 	14441 	14866 	14403 	14099 	14185 	14325 	14691 	13632 	13869 	14801 	14312 	14107 	8729 	9310 	9010 	8770 	9287 	8977 	12309 	13984 	14073 	13974 	14064 	14025 	15200 	14704 	13941 	
spinlock test 
*	1101 	2441 	5602 	12911 	12629 	13937 	16985 	23437 	18390 	16850 	24927 	33031 	31324 	33949 	37081 	42533 	43763 	45208 	47344 	40268 	54641 	53471 	55327 	60227 	65875 	61434 	61320 	73332 	75562 	71127 	76890 	71667 	81287 	77962 	86831 	86831 	95167 	88291 	92420 	85544 	94308 	99172 	104360 	106946 	101026 	103695 	109188 	109308 	98864 	112675 	117881 	114024 	116607 	122969 	124447 	129448 	130879 	127635 	132919 	144051 	135248 	130479 	144876 	145297 	137715 	147668 	141263 	153524 	159385 	163023 	162386 	160448 	161171 	177917 	175137 	164405 	175249 	161668 	170054 	178218 	185430 	180259 	192287 	178786 	177230 	195816 	205541 	215566 	214304 	203862 	200269 	212525 	194863 	214073 	215392 	219201 	196455 	210502 	212107 	226609 	221270 	215035 	230459 	211706 	
Done. 5 tests at all.
