CPU model name	: Intel(R) Core(TM)2 Duo CPU     E8400  @ 3.00GHz
Thread libs: NPTL 2.13
2 of 2 cores online
Additition threads: 100
Big number: 11! = 0x2611500
Thrds:	1	2	3	4	5	6	7	8	9	10	11	12	13	14	15	16	17	18	19	20	21	22	23	24	25	26	27	28	29	30	31	32	33	34	35	36	37	38	39	40	41	42	43	44	45	46	47	48	49	50	51	52	53	54	55	56	57	58	59	60	61	62	63	64	65	66	67	68	69	70	71	72	73	74	75	76	77	78	79	80	81	82	83	84	85	86	87	88	89	90	91	92	93	94	95	96	97	98	99	100	101	102	
pure increment test 
*	121	121	121	120	120	120	120	121	120	120	121	120	121	120	121	120	121	121	120	121	121	121	120	121	121	120	121	121	121	120	121	120	120	121	121	121	121	121	120	121	120	121	121	121	120	121	121	122	121	122	121	121	120	121	121	122	121	121	120	121	121	121	120	121	121	122	121	122	120	121	122	120	121	122	121	122	121	122	121	120	122	121	121	121	123	123	121	122	125	121	121	121	121	121	121	121	124	120	124	121	121	121	
mutexed test 
*	1868	4261	3789	4117	3835	3739	3746	2882	3033	4262	4000	3357	3417	3232	3316	3663	4135	4578	4287	4361	4353	4438	4057	4669	4384	4601	4039	4279	4106	4352	3869	4193	3815	4069	4032	4084	4073	3694	3799	3826	3357	3857	3822	3536	2799	4060	3882	3940	3986	3732	4302	3988	3497	3235	4177	3893	3688	4003	4433	3767	3627	3794	2701	3845	3988	3010	3498	3514	3340	3341	3715	3786	3908	3384	3342	3099	3366	2773	3741	3785	2907	3144	3557	2933	3850	3566	3264	3690	3043	3300	3792	3208	3010	2693	3502	3701	3691	2728	3479	3775	3781	3790	
lock increment test 
*	401	817	731	809	759	818	807	854	829	835	825	855	840	842	839	863	847	844	806	860	854	816	856	864	840	843	847	878	849	876	856	845	855	836	865	817	863	863	851	869	876	845	850	832	837	856	859	871	809	866	867	832	848	848	850	843	845	870	856	869	861	838	861	858	851	860	852	851	816	855	858	839	860	877	861	801	851	863	861	873	880	838	840	834	864	859	865	872	839	838	858	844	850	839	859	843	860	847	856	835	869	852	
lock compare&swap test 
*	707	2000	1700	1850	1746	1848	1730	1857	1761	1972	1868	2014	1871	1940	1828	1900	1917	2007	2006	1935	1836	1823	1884	1883	1799	1905	1830	1942	1854	1888	1919	1912	1807	1898	1980	1878	1879	1944	1953	1873	1877	1885	1825	1874	1862	2020	1966	1995	1981	1985	1976	1956	1947	1971	1912	1922	1883	1822	1967	1826	1932	1993	1963	1948	1877	1920	1845	1948	1948	1957	1870	2024	1946	2006	2027	2018	2011	1688	1926	1886	1964	1996	1972	1933	1939	1887	1981	1986	1974	1933	1982	1900	2017	1996	1979	1919	1952	1980	1904	2014	2012	2001	
spinlock test 
*	823	1158	1559	2312	2762	3308	3374	4209	4554	5204	5753	5767	6432	6998	6739	8195	8292	8778	8747	9378	10105	9839	11016	11148	11918	11469	11200	12587	13654	13002	14066	15176	14585	16346	16394	16165	17014	16712	16197	18095	17473	17646	16937	21147	18718	20500	20692	20304	21526	22512	20641	22552	22716	23253	23639	24641	23803	25786	24758	25288	26111	22623	25985	27930	26592	30309	27522	27867	30880	29726	28372	29071	29162	29113	33429	29886	30352	32698	30408	31390	27508	30454	30983	33547	33391	32866	36104	35548	28696	34079	34222	34253	37004	32202	34792	33686	34837	37386	33455	35470	35878	38909	
Done. 5 tests at all.
