CPU model name: Intel® Core(TM) i5 CPU 760 @ 2.80GHz
Thread libs: NPTL 2.13
4 of 4 cores online
Additition threads: 100
Big number: 11! = 0x2611500
Thrds: 1 2 3 4 5 6 7 8 9 10 11 12 13 14 15 16 17 18 19 20 21 22 23 24 25 26 27 28 29 30 31 32 33 34 35 36 37 38 39 40 41 42 43 44 45 46 47 48 49 50 51 52 53 54 55 56 57 58 59 60 61 62 63 64 65 66 67 68 69 70 71 72 73 74 75 76 77 78 79 80 81 82 83 84 85 86 87 88 89 90 91 92 93 94 95 96 97 98 99 100 101 102 103 104
pure increment test
* 78 80 67 76 78 62 61 61 61 69 69 61 77 72 62 62 61 63 63 69 77 73 62 62 63 72 63 71 63 61 72 63 62 62 62 61 61 62 61 62 63 62 61 62 62 73 62 82 63 62 63 63 62 63 62 62 61 63 75 63 74 70 78 65 66 62 62 62 62 65 62 70 68 61 77 62 62 68 62 62 66 63 68 69 62 63 68 62 63 64 62 62 69 62 65 62 63 78 63 62 62 62 63 78
mutexed test
* 529 1926 2690 2726 2303 2490 2698 2614 2386 2538 2522 2564 2486 2522 2539 2603 2499 2493 2411 2211 2516 2544 2432 2605 2516 2621 2443 2382 2529 2301 2600 2421 2594 2446 2557 2662 2613 2584 2622 2674 2607 2575 2017 2440 2572 2542 2449 2671 2614 2664 2686 2650 2556 2645 2453 2633 2475 2620 2575 2458 2586 2471 2608 2524 2669 2544 2588 2582 2554 2378 2535 2332 2581 2680 2612 2648 2563 2622 2604 2619 2519 2664 2659 2584 2674 2619 2680 2648 2689 2554 2526 2547 2587 2598 2598 2485 2480 2478 2673 2680 2645 2531 2661 2573
lock increment test
* 218 404 405 415 366 379 381 400 372 396 376 366 396 396 398 426 424 385 378 395 402 403 405 402 401 402 396 376 368 417 429 406 394 368 381 395 400 363 404 397 370 389 398 396 415 382 404 404 404 396 391 396 403 402 388 404 404 390 400 389 384 402 391 429 366 391 403 404 403 403 410 379 413 406 380 375 402 401 405 404 396 404 406 412 407 409 427 386 368 405 405 403 399 405 406 405 398 393 404 405 404 403 409 403
lock compare&swap test
* 298 611 667 668 615 643 651 645 612 651 661 634 624 635 650 651 677 687 648 648 642 636 608 670 633 647 686 690 677 628 638 629 638 703 656 631 673 612 649 622 690 620 643 637 652 622 675 657 659 659 631 644 657 673 647 633 637 646 665 643 653 647 634 637 638 645 628 643 631 656 641 632 634 644 636 635 636 666 640 639 634 636 632 634 641 667 654 631 638 636 635 633 637 693 652 637 635 632 633 636 640 673 614 631
spinlock test
* 299 1357 2503 3045 3138 4301 4819 5332 5865 5946 7775 8295 8545 9638 10571 12087 11797 12573 13733 14400 14135 16470 16866 17689 18473 18521 17290 19189 18845 20199 19734 22201 23431 25595 24525 24440 23718 25416 26719 29176 30894 27532 26720 26869 29367 31378 29507 33730 35659 34583 34499 34229 36019 39143 38154 34809 39763 40063 40305 40725 41835 43413 43300 42846 42773 47929 43420 42371 41544 44844 46428 48767 50072 48120 52661 48950 50882 50151 54358 52559 55460 51360 51048 55065 55286 54124 58319 56344 58277 51985 64340 60650 57447 64580 60557 63574 63223 61329 60376 65245 60114 64222 60112 63963
Done. 5 tests at all. 
