CPU model name	: Intel(R) Core(TM)2 Duo CPU     P8600  @ 2.40GHz
Thread libs: NPTL 2.13
2 of 2 cores online
Additition threads: 30
Big number: 11! = 0x2611500
Thrds:	1	2	3	4	5	6	7	8	9	10	11	12	13	14	15	16	17	18	19	20	21	22	23	24	25	26	27	28	29	30	31	32	
pure increment test 
*	104 	97 	104 	104 	97 	97 	97 	97 	100 	97 	104 	97 	97 	97 	97 	97 	97 	96 	97 	104 	98 	97 	97 	97 	97 	96 	97 	96 	97 	105 	98 	104 	
mutexed test 
*	1487 	3760 	3149 	3533 	3545 	3639 	3669 	3652 	3603 	3498 	3197 	3416 	3530 	3577 	3331 	3194 	3344 	2797 	3104 	3114 	3073 	2664 	3286 	3034 	2731 	2894 	2521 	2917 	2320 	3040 	3362 	3021 	
lock increment test 
*	321 	717 	596 	696 	657 	707 	672 	710 	682 	709 	694 	713 	698 	713 	702 	704 	741 	707 	714 	707 	712 	706 	720 	703 	715 	702 	718 	670 	722 	705 	717 	707 	
lock compare&swap test 
*	569 	1590 	1330 	1581 	1498 	1582 	1560 	1596 	1581 	1569 	1608 	1599 	1601 	1601 	1646 	1592 	1656 	1587 	1721 	1663 	1712 	1704 	1657 	1615 	1659 	1724 	1658 	1614 	1640 	1630 	1659 	1619 	
spinlock test 
*	658 	979 	1347 	1860 	1980 	2534 	2807 	3665 	4014 	4158 	4500 	4933 	4966 	6134 	6329 	6257 	7201 	6608 	7437 	8432 	7380 	8091 	9133 	8954 	9249 	9538 	11258 	9554 	10952 	10231 	11801 	11143 	
Done. 5 tests at all.
