CPU model name	: Intel(R) Core(TM)2 Quad CPU    Q8200  @ 2.33GHz
Thread libs: NPTL 2.12
1 of 4 cores online
Additition threads: 30
Big number: 11! = 0x2611500
Thrds:	1	2	3	4	5	6	7	8	9	10	11	12	13	14	15	16	17	18	19	20	21	22	23	24	25	26	27	28	29	30	31	
pure increment test 
*	107 	104 	105 	104 	108 	104 	104 	104 	105 	105 	104 	104 	105 	104 	109 	158 	122 	105 	105 	105 	104 	107 	106 	107 	104 	105 	106 	104 	146 	127 	108 	
mutexed test 
*	1551 	1535 	1539 	1545 	1537 	1559 	1544 	1541 	1540 	1541 	1536 	1559 	1553 	1545 	1542 	1539 	1547 	1536 	1542 	1583 	1636 	1534 	1543 	1542 	1568 	1592 	1595 	1658 	1674 	1660 	1600 	
lock increment test 
*	444 	358 	346 	360 	373 	348 	348 	348 	347 	351 	347 	347 	351 	364 	357 	349 	347 	348 	350 	346 	350 	353 	352 	379 	364 	362 	349 	349 	346 	383 	351 	
lock compare&swap test 
*	614 	650 	617 	615 	620 	617 	614 	614 	616 	619 	621 	617 	645 	622 	613 	638 	617 	619 	619 	614 	615 	619 	615 	617 	617 	615 	620 	613 	622 	617 	614 	
spinlock test 
*	715 	1274 	1876 	2305 	2896 	3134 	3301 	3964 	4077 	4388 	4626 	5397 	5465 	5911 	6705 	6810 	7563 	7883 	7761 	7829 	8186 	8182 	8863 	8881 	13409 	9548 	10788 	12088 	11475 	10908 	11499 	
Done. 5 tests at all.
