CPU model name	: Intel(R) Xeon(R) CPU           E5520  @ 2.27GHz
Thread libs: NPTL 2.12
8 of 8 cores online
Additition threads: 30
Big number: 11! = 0x2611500
Thrds:	1	2	3	4	5	6	7	8	9	10	11	12	13	14	15	16	17	18	19	20	21	22	23	24	25	26	27	28	29	30	31	32	33	34	35	36	37	38	
pure increment test 
*	96 	95 	96 	95 	95 	95 	95 	95 	95 	95 	96 	95 	95 	95 	95 	95 	95 	95 	95 	95 	95 	96 	95 	96 	95 	95 	96 	95 	95 	95 	96 	95 	95 	99 	96 	95 	95 	95 	
mutexed test 
*	857 	3061 	5672 	5151 	4204 	3674 	3415 	3232 	2973 	3469 	3906 	3669 	3512 	3365 	3296 	3233 	3103 	3351 	3609 	3477 	3377 	3310 	3283 	3240 	3146 	3303 	3476 	3379 	3333 	3288 	3287 	3259 	3178 	3284 	3423 	3329 	3324 	3281 	
lock increment test 
*	332 	933 	953 	985 	942 	1051 	980 	1057 	979 	1044 	1031 	1038 	1015 	1057 	1021 	1057 	1016 	1067 	1048 	1050 	1031 	1057 	1034 	1057 	1029 	1073 	1054 	1055 	1041 	1057 	1040 	1058 	1037 	1068 	1055 	1056 	1044 	1059 	
lock compare&swap test 
*	459 	1518 	1712 	1795 	1754 	1932 	1808 	1927 	1765 	1881 	1874 	1899 	1864 	1931 	1870 	1926 	1842 	1920 	1896 	1920 	1890 	1931 	1892 	1927 	1870 	1935 	1907 	1927 	1902 	1930 	1901 	1927 	1884 	1935 	1911 	1934 	1908 	1932 	
spinlock test 
*	443 	1937 	3204 	3385 	3772 	4019 	4187 	4285 	3978 	4917 	5237 	5739 	6025 	6763 	6484 	6711 	6600 	7318 	7805 	8587 	8772 	9161 	9338 	9057 	9303 	9500 	10250 	10636 	10785 	11617 	10802 	11795 	11383 	12019 	12701 	13767 	13708 	14069 	
Done. 5 tests at all.
